-4.378750124  
-0.350789286  
-2.015668253  
3.229439857  
1.285930802  
1.454989692  
-1.15946083  
-0.2429531394  
-2.800019172  
-1.189719939  
-0.3303707444  
-3.294508472  
-4.900370353  
1.113311221  
1.44336497  
1.610424937  
-3.317940183  
-0.6668927624  
-0.4148002197  
3.349837125  
3.259364487  
2.438935586  
0.2133557141  
2.754849161  
0.9436134937  
-1.744932895  
0.8138737535  
1.316391155  
-6.626235732  
-2.595387499  
-1.443874141  
-2.617664036  
0.9887518896  
-1.765455207  
3.503601179  
1.800708113  
-0.07508927311  
-1.842738861  
-1.373576834  
-2.357836616  
0.0122401846  
-0.6656117483  
-2.588675401  
-0.8105729583  
-4.335095843  
2.295514848  
3.660123665  
