-0.4847769984  
0.191551703  
2.01163599  
-4.144119077  
-1.085335848  
-4.33806791  
3.0572442  
-1.953266341  
2.628638774  
1.981474693  
1.248965668  
-0.2517736443  
3.457825668  
0.2301155189  
0.4373761886  
-3.407702357  
-1.39773981  
4.966158949  
-2.747198604  
0.09344191714  
1.860370157  
3.350496284  
1.162394963  
2.372092689  
0.1074500564  
-0.6400954573  
-7.04604795  
2.335569784  
9.643044913  
3.803763736  
3.619556946  
4.518100762  
0.6853845406  
-1.512946674  
3.559893291  
1.445528188  
0.6432658053  
-1.12705367  
3.240267668  
0.2728879782  
-0.875992301  
1.428661796  
2.208480983  
2.320438063  
-5.465107624  
1.087279441  
-11.18712604  
