2.368988238  
-0.7952525072  
0.5770781984  
-2.563739717  
1.057180216  
4.103493356  
2.527786395  
-0.3963360489  
-2.139871794  
-0.1215569716  
-0.218698189  
-2.628554118  
-0.2469811824  
2.993430182  
1.907132382  
-5.881114128  
-4.806630061  
-0.5581986964  
-0.0824691196  
3.214657569  
2.664944463  
2.689371925  
-0.6912586066  
-2.651113108  
-0.6577925493  
0.7224352264  
-5.317330965  
1.942637101  
-2.686457937  
-0.7682687417  
0.1805326177  
0.381184318  
-0.04308359966  
-0.6563691558  
-1.178990358  
2.825521612  
-1.784466054  
-4.047944111  
-1.243321636  
-2.04233893  
-5.315810495  
-0.834748614  
-0.2069853153  
2.794904808  
3.642380113  
3.417998491  
5.260571618  
