2.920250129  
1.809787269  
3.134167891  
0.7699735371  
-2.206925078  
-0.02185613748  
-2.411236325  
9.5680211  
3.128706877  
-4.059008332  
4.135946824  
2.614419238  
2.741423671  
-6.188368839  
-1.839490357  
-0.4699700148  
2.439191534  
1.858791025  
1.879731272  
0.9791660567  
-5.971841516  
0.8103697334  
2.08155521  
1.486034831  
-6.687754716  
-0.460131005  
2.304673296  
0.9593438254  
2.766624221  
4.498098197  
-10.1001595  
-1.002287748  
-0.6506546025  
-0.2303744428  
0.6712051126  
-6.512756169  
-6.600181815  
3.098376517  
-2.958849065  
-5.680953062  
5.215157069  
6.969724984  
3.51018884  
8.382557117  
2.588895154  
-1.725512074  
-3.862887861  
