-4.607109265  
-4.049472033  
-3.290793632  
7.825617064  
0.7724736814  
-7.737721826  
-4.661826303  
8.902870366  
-6.930247553  
-3.860048714  
0.9481342724  
1.066475459  
-1.329364616  
-5.676016719  
-0.7135756228  
0.7938763153  
-0.5613662698  
-3.851575385  
-5.831175455  
-0.2847428483  
1.190530148  
-5.748685837  
3.317280275  
5.952953366  
2.60979339  
4.063764485  
0.06875997323  
2.34168645  
3.961120984  
-5.383370757  
0.1454821441  
8.467841304  
-2.044509652  
4.623493504  
10.73579961  
7.82177429  
-4.670691718  
8.563641039  
6.013848039  
-8.342460331  
-3.082407844  
8.398621234  
-2.459629071  
-8.341853213  
0.3206683043  
-5.413458966  
-5.841349822  
