0.7959391647  
-0.8501130182  
5.133201114  
3.747683913  
3.499903497  
3.507544397  
0.04893929741  
1.305914636  
2.078652124  
3.558654296  
3.386879789  
1.962280191  
-0.6215249581  
9.035062396  
-0.3535696465  
-3.402339761  
-2.821433112  
-0.08192061002  
-10.89745197  
-5.937747731  
3.288835971  
11.45323536  
0.7268245235  
-0.9240313619  
-1.201442447  
0.319525623  
15.5025457  
-5.127551047  
0.4049436794  
-1.707695835  
-0.132529253  
-3.693558367  
-2.147764756  
-1.487474796  
25.24386991  
8.071909357  
13.80290302  
1.44586245  
3.684914553  
5.177179277  
7.058156592  
-11.2971275  
3.295639431  
3.034978732  
3.160187889  
2.156872503  
4.203655949  
