-2.355154176  
-9.926924406  
4.982286342  
11.15015401  
-0.3307057852  
1.705600904  
7.637976817  
0.1711565671  
-11.35683602  
0.4948996409  
6.011660125  
4.042130203  
-0.3277922901  
-2.166465389  
-4.662403667  
2.436423255  
-4.480871794  
10.34749949  
7.546681638  
0.8259433829  
-0.6314351364  
-7.92265097  
-2.226944991  
8.223526787  
-2.500586948  
0.3308207425  
-10.31227307  
-2.846293649  
5.902114159  
0.7767915635  
-13.00933071  
-2.471030524  
-1.787468852  
-0.5653326174  
-3.121939669  
-4.55006487  
7.026929379  
1.835418173  
0.883581985  
1.529652274  
15.38163923  
-6.559637845  
-0.9811393429  
18.85879034  
0.6763332867  
-6.453664935  
0.717161522  
