-7.538080655  
6.14477548  
-1.261136123  
-1.865194884  
-9.08763292  
-4.669012607  
4.076310303  
0.2360773916  
-4.606363854  
-1.054443785  
1.810808687  
-10.16619896  
4.222278003  
5.460299231  
-4.619955392  
-3.357605716  
-2.240632612  
8.028471285  
-5.33041913  
-6.671742001  
1.715756858  
-1.118732864  
3.178381004  
-2.610773934  
1.032480077  
-5.108428819  
4.654252853  
-1.161250921  
-5.145622888  
5.965004063  
-0.9159096674  
-0.7022087616  
-4.207027418  
2.214329551  
-5.242219013  
-13.37617676  
2.065887988  
1.443618189  
3.130733327  
-1.575488379  
3.573332981  
-0.7391913222  
1.840132229  
1.451996723  
-0.7265124289  
8.146556494  
-12.58752486  
