5.314940533  
0.7058606977  
-4.340606194  
-18.16718309  
1.849150976  
3.261396465  
-13.56162963  
-0.4000226991  
-5.764818766  
1.896692864  
-6.446946541  
2.452687349  
-5.286859061  
9.929006395  
-5.883097943  
2.021888987  
-10.50305473  
7.660049721  
6.97111722  
-3.829351824  
-1.432942545  
1.850500971  
-3.021373527  
-0.4509264824  
0.3791904556  
-0.3795435884  
7.496748596  
4.224661449  
8.310907065  
-3.052258355  
7.291755089  
1.572760609  
3.931312158  
4.747692033  
-2.989807051  
-5.333390102  
3.258636372  
4.217432017  
3.946075849  
-3.812772  
-3.3198757  
-12.09483682  
-4.197375594  
-3.563566587  
6.533329318  
-2.513934231  
13.26151377  
